3 0.004
-4 0.004
12 0.004
8 1.25

-2 0.004
-9 0.004
7 0.004
3 1.25

0 0.004
-7 0.004
8 0.004
5 1.25

0 0.004
-12 0.004
7 0.004
3 1.25

-4 0.004
-11 0.004
5 0.004
1 1.25

0 0.004
-9 0.004
8 0.004
3 1.25

-4 0.004
-11 0.004
5 0.004
1 1.25

-2 0.004
-9 0.004
7 0.004
3 1.25

3 0.004
-4 0.004
12 0.004
8 1.25

-2 0.004
-9 0.004
10 0.004
3 1.25

0 0.004
-7 0.004
8 0.004
5 1.25

-5 0.004
-12 0.004
3 0.004
0 1.25

-4 0.004
-11 0.004
5 0.004
1 1.25

-4 0.004
-9 0.004
3 0.004
0 1.25

-4 0.004
-11 0.004
5 0.004
1 1.25

-2 0.004
-9 0.004
7 0.004
3 1.25

3 0.004
-4 0.004
12 0.004
8 1.25

10 0.004
-2 0.004
-9 0.004
3 0.625

-2 0.625


8 0.004
5 0.004
0 0.004
-7 1.25

7 0.004
3 0.004
0 0.004
-12 0.625

-2 0.625

-4 0.004
-11 0.004
5 0.004
1 1.25

3 0.004
0 0.004
-4 0.004
-9 0.625

0 0.625

-4 0.004
-11 0.004
5 0.004
1 1.25

-2 0.004
-9 0.004
7 0.004
3 0.625

1 0.625

8 0.004
3 0.004
0 0.004
-4 0.3125

3 0.3125

-4 0.625

7 0.004
3 0.004
-9 0.3125

-2 0.3125

3 0.004
1 0.625

8 0.004
5 0.004
-7 0.3125

0 0.3125

12 0.004
5 0.625

15 0.004
12 0.004
-12 0.3125

7 0.3125

17 0.004
10 0.004
3 0.625

13 0.004
5 0.004
1 0.625

8 0.004
5 0.3125

1 0.3125

8 0.004
3 0.004
-1 0.625

0 0.625

10 0.004
5 0.004
-11 0.625

8 0.004
5 0.004
1 0.625

8 0.004
3 0.004
-9 0.3125

-2 0.3125

8 0.004
3 0.3125

7 0.3125

8 0.004
0 0.004
-4 0.3125

7 0.3125

8 0.004
3 0.3125

-4 0.3125

3 0.004
-9 0.3125

-2 0.3125

7 0.004
3 0.625

8 0.004
5 0.004
-1 0.3125

0 0.3125

12 0.004
8 0.004
5 0.625

15 0.004
-12 0.3125

7 0.3125

17 0.004
7 0.004
7 0.625





13 0.004
1 0.3125

12 0.3125

10 0.004
5 0.3125

13 0.3125

12 0.004
-4 0.3125

10 0.3125

8 0.004
0 0.3125

7 0.3125

5 0.004
1 0.004
-11 0.3125

-4 0.3125

8 0.004
5 0.3125

6 0.3125

8 0.004
3 0.004
-9 0.3125

-2 0.3125

8 0.004
3 0.3125

7 0.3125

8 0.004
0 0.004
-4 0.3125

7 0.3125

8 0.004
3 0.3125

0 0.3125

3 0.004
-9 0.3125

-2 0.3125

7 0.004
3 0.625


8 0.004
4 0.004
-7 0.3125

0 0.3125

12 0.004
8 0.004
4 0.3125

8 0.3125

15 0.004
-12 0.3125

7 0.3125

15 0.004
3 0.3125

17 0.3125

13 0.004
1 0.3125

12 0.3125

10 0.004
5 0.3125

13 0.3125

12 0.004
-4 0.3125

10 0.004
0 0.3125

8 0.004
3 0.3125

7 0.3125

5 0.004
1 0.004
-11 0.3125

3 0.3125

1 0.3125

8 0.3125

8 0.004
3 0.004
-9 0.3125

-2 0.3125

8 0.004
3 0.3125

7 0.3125


12 0.004
-4 0.3125

3 0.3125

12 0.004
8 0.004
3 0.3125

8 0.15625

10 0.15625

-9 0.3125

3 0.15625

12 0.15625

13 0.15625

12 0.15625

10 0.004
3 0.3125

10 0.004
-7 0.3125

0 0.15625

8 0.15625

5 0.15625

0 0.15625

7 0.15625

8 0.15625

7 0.004
-12 0.3125

3 0.15625

0 0.15625

-4 0.15625

0 0.15625

3 0.3125






5 0.004
1 0.3125

5 0.15625

7 0.15625

8 0.004
5 0.625

-4 0.3125
0 0.3125
3 0.3125
0 0.3125

5 0.004
1 0.3125

-7 0.3125

1 0.004
-7 0.15625

5 0.15625

8 0.15625

10 0.15625

8 0.004
-9 0.3125

-2 0.15625

3 0.15625

3 0.15625

8 0.15625

10 0.3125


12 0.004
-4 0.3125

3 0.3125

12 0.004
8 0.004
3 0.15625

10 0.15625

8 0.15625

10 0.15625

-9 0.3125

3 0.15625

12 0.15625

13 0.15625

12 0.15625

10 0.004
3 0.3125

10 0.004
-7 0.3125

0 0.15625
8 0.15625
5 0.15625
0 0.15625
7 0.15625
8 0.15625

7 0.004
-12 0.3125

3 0.15625
0 0.15625
3 0.625


5 0.004
1 0.3125

1 0.15625
8 0.15625
1 0.15625
5 0.15625

13 0.3125

12 0.004
-4 0.3125

10 0.004
0 0.15625
8 0.15625

3 0.3125
-4 0.3125

5 0.004
1 0.004
-11 0.3125

-4 0.3125

1 0.004
-11 0.15625
5 0.15625
8 0.15625
10 0.15625

7 0.004
-9 0.3125

-2 0.15625
8 0.004
3 0.15625

10 0.004
3 0.625


15 0.004
-4 0.3125

12 0.004
3 0.15625
13 0.15625
15 0.3125
12 0.004
3 0.15625
13 0.15625
15 0.004
-9 0.15625
3 0.15625
5 0.15625
7 0.15625
8 0.15625
10 0.15625
12 0.004
-2 0.15625
13 0.15625

12 0.004
-7 0.3125
8 0.004
0 0.15625
10 0.15625
12 0.004
5 0.3125
0 0.15625
3 0.15625
-12 0.004
3 0.15625
5 0.15625
3 0.15625
1 0.15625
3 0.15625
8 0.15625
-12 0.004
7 0.15625
8 0.15625







5 0.004
1 0.3125
8 0.15625
7 0.15625
-7 0.004
5 0.3125
3 0.15625
1 0.15625
-4 0.004
3 0.15625
1 0.15625
0 0.15625
1 0.15625
3 0.15625
5 0.15625
-12 0.004
7 0.15625
8 0.15625

5 0.004
1 0.3125
8 0.15625
7 0.15625
8 0.3125
7 0.15625
8 0.15625
-9 0.004
7 0.15625
5 0.15625
-2 0.004
7 0.15625
8 0.15625
10 0.15625
12 0.15625
-9 0.004
13 0.15625
15 0.15625

15 0.004
-4 0.3125

12 0.004
3 0.15625
13 0.15625
15 0.3125
12 0.004
3 0.15625
13 0.15625
15 0.004
-9 0.15625
3 0.15625
5 0.15625
7 0.15625
8 0.15625
10 0.15625
12 0.004
-2 0.15625
13 0.15625

12 0.004
-7 0.3125
8 0.004
0 0.15625
10 0.15625
12 0.004
5 0.3125
0 0.15625
3 0.15625
-12 0.004
3 0.15625
5 0.15625
3 0.15625
1 0.15625
3 0.15625
8 0.15625
-12 0.004
7 0.15625
8 0.15625







5 0.004
1 0.3125
8 0.15625
7 0.15625
-7 0.004
5 0.3125
3 0.15625
1 0.15625
-4 0.004
3 0.15625
1 0.15625
0 0.15625
1 0.15625
3 0.15625
5 0.15625
-12 0.004
7 0.15625
8 0.15625

5 0.004
1 0.3125
8 0.15625
7 0.15625
8 0.3125
7 0.15625
8 0.15625
-9 0.004
7 0.15625
5 0.15625
-2 0.004
7 0.15625
8 0.15625
10 0.15625
12 0.15625
-9 0.004
13 0.15625
15 0.15625

15 0.004
-4 0.3125

12 0.004
3 0.15625
13 0.15625
15 0.3125
12 0.004
3 0.15625
13 0.15625
15 0.004
-9 0.15625
3 0.15625
5 0.15625
7 0.15625
8 0.15625
10 0.15625
12 0.004
-2 0.15625
13 0.15625

12 0.004
-7 0.3125
8 0.004
0 0.15625
10 0.15625
12 0.004
5 0.3125
0 0.15625
3 0.15625
-12 0.004
3 0.15625
5 0.15625
3 0.15625
1 0.15625
3 0.15625
8 0.15625
-12 0.004
7 0.15625
8 0.15625







5 0.004
1 0.3125
8 0.15625
7 0.15625
-7 0.004
5 0.3125
3 0.15625
1 0.15625
-4 0.004
3 0.15625
1 0.15625
0 0.15625
1 0.15625
3 0.15625
5 0.15625
-12 0.004
7 0.15625
8 0.15625









5 0.004
1 0.3125
8 0.15625
7 0.15625
8 0.3125
7 0.004
1 0.15625
5 0.15625
-9 0.004
7 0.15625
8 0.15625
-2 0.004
10 0.15625
8 0.15625
-2 0.004
7 0.15625
8 0.15625
5 0.15625
7 0.15625

-4 0.004
8 0.4
0 0.4
3 0.4
8 0.4
-9 0.4
-2 0.4
3 0.4
7 0.4
-7 0.4
0 0.4
5 0.4
8 0.4
-12 0.4
-5 0.4

7 0.4
3 0.4
1 0.4
5 0.4
13 0.4
8 0.4
-4 0.4
0 0.4
3 0.4
8 0.4
-11 0.4
1 0.4
5 0.4
8 0.4
-9 0.4
-2 0.4
3 0.4
7 0.4

-12 0.1
-4 0.1
0 0.1
3 0.1
8 2.5


